0D0, 0D0, 1.0D0, 
0.6666666666666667D0, 0D0, 0.7453559924999299D0, 
-0.3333333333333333D0, 0.5773502691896258D0, 0.7453559924999299D0, 
-0.3333333333333333D0, -0.5773502691896258D0, 0.7453559924999299D0, 
0.7453559924999299D0, 0.5773502691896258D0, 0.3333333333333333D0, 
0.7453559924999299D0, -0.5773502691896258D0, 0.3333333333333333D0, 
-0.8726779962499649D0, 0.3568220897730899D0, 0.3333333333333333D0, 
0.1273220037500351D0, 0.9341723589627157D0, 0.3333333333333333D0, 
0.1273220037500351D0, -0.9341723589627157D0, 0.3333333333333333D0, 
-0.8726779962499649D0, -0.3568220897730899D0,  0.3333333333333333D0, 
0.8726779962499649D0, 0.3568220897730899D0, -0.3333333333333333D0, 
0.8726779962499649D0, -0.3568220897730899D0, -0.3333333333333333D0, 
-0.7453559924999299D0, 0.5773502691896258D0, -0.3333333333333333D0, 
-0.1273220037500351D0, 0.9341723589627157D0, -0.3333333333333333D0, 
-0.1273220037500351D0, -0.9341723589627157D0, -0.3333333333333333D0, 
-0.7453559924999299D0, -0.5773502691896258D0, -0.3333333333333333D0, 
0.3333333333333333D0, 0.5773502691896258D0, -0.7453559924999299D0, 
0.3333333333333333D0, -0.5773502691896258D0, -0.7453559924999299D0, 
-0.6666666666666667D0, 0D0, -0.7453559924999299D0, 
0D0, 0D0, -1.0D0