0, 0, 1.0,
0, -0.8944271909999159, 0.4472135954999579,
0.8506508083520399, -0.2763932022500210, 0.4472135954999579,
0.5257311121191336, 0.7236067977499790, 0.4472135954999579,
-0.5257311121191336, 0.7236067977499790, 0.4472135954999579,
-0.8506508083520399, -0.2763932022500210, 0.4472135954999579,
0.5257311121191336, -0.7236067977499790, -0.4472135954999579,
-0.5257311121191336, -0.7236067977499790, -0.4472135954999579,
0.8506508083520399, 0.2763932022500210, -0.4472135954999579,
0, 0.8944271909999159, -0.4472135954999579,
-0.8506508083520399, 0.2763932022500210, -0.4472135954999579,
0, 0, -1.0